LA_predictions,LA_actual
279.59793,286.395
293.03525,298.94
34.90798,74.91
10.586255,57.08
1258.7755,1170.41
953.10974,1023.2
268.12735,212.21
1501.7201,1569.26
1032.8868,1036.3
239.85585,243.64
884.5647,906.72
238.2515,209.836
225.99113,218.47
5.0631647,44.1
1160.338,1097.72
-8.269111,45.79
236.82729,142.409
193.13661,148.97
1220.8845,1144.855
233.00879,236.72
1345.5845,1499.42
262.37674,209.3
1321.1904,1365.43
219.22842,197.72
300.93356,349.0
948.6132,936.07
1265.0332,1316.53
1435.6436,1524.55
1262.8776,1364.18
57.1417,71.62
291.96466,287.15
1277.003,1461.96
216.96892,160.23
1312.9026,1333.33
968.61914,1143.12
1377.6206,1592.71
956.9098,968.16
235.7951,189.39
975.3174,1083.8
266.26627,271.755
1643.7185,1492.44
32.281815,66.98
217.81621,172.122
265.25815,245.971
249.32637,240.186
223.57367,186.02
198.32594,145.75
112.14187,107.41
283.91562,233.97
1358.9559,1533.68
