LDW_predictions,LDW_actual
1.5420679,1.18
1.441572,1.47
0.12089385,0.208
0.13363862,0.156
5.8598537,6.48
5.4989853,5.96
1.2812669,1.47
6.5012736,6.1
5.9888,6.62
0.92450297,0.9474
5.065032,5.12
1.1422113,1.14
1.1308589,1.0
0.0706349,0.148
5.0766454,4.41
-0.05323258,0.119
1.0651574,0.73
0.93971694,0.75
5.379824,6.39
1.126023,1.17
6.1082783,5.76
1.3993022,1.05
5.58867,5.49
1.1598295,0.98
1.6526785,1.73
5.4016247,5.7
6.492378,6.38
5.6059437,5.58
5.4632106,5.25
0.2236432,0.195
1.5431006,1.41
5.7232,6.73
1.0295752,0.67
6.044827,6.55
5.5151405,5.77
6.570626,6.48
5.502409,5.98
1.1412346,0.89
3.5706842,4.04
1.3016369,1.23
5.8881593,6.64
0.22219165,0.2205
1.078318,0.73
1.2499791,1.28
1.1868317,1.16
0.91416156,0.7468
1.0745509,0.76
0.47130144,0.4548
1.3767357,1.17
6.80421,6.05
