LFW_predictions,LFW_actual
14.258735,13.36
113.167534,95.19
118.554985,122.13
12.341411,8.09
9.626424,8.98
56.685112,57.92
15.572882,11.74
14.877601,14.45
110.478775,108.81
17.893476,18.3
15.232087,13.4
116.18483,124.27
15.889497,16.13
112.340164,137.81
15.387002,14.33
109.498,115.08
112.492004,117.43
15.211965,15.35
112.83802,116.44
15.593994,15.02
141.34964,133.8
17.295208,16.61
12.2032175,13.21
11.949595,11.26
116.7873,108.82
122.87504,127.5
18.23513,21.78
111.35833,114.09
10.308892,13.33
17.590506,18.07
69.3372,80.86
126.394485,143.88
16.530796,20.07
9.087241,9.89
17.58391,19.0
11.545229,16.44
114.31324,107.12
100.10375,111.97
18.034687,19.03
129.26851,121.19
116.0887,115.74
135.29237,130.46
16.985493,16.73
110.032394,117.52
130.66983,139.37
15.645809,17.36
