LFW_predictions,LFW_actual
14.36825,15.15
16.763704,19.03
-7.002965,3.7
-7.490924,2.58
64.30487,120.41
40.465137,109.83
12.578182,18.46
64.08046,137.06
48.48391,123.48
5.0264983,15.29
35.089714,92.52
7.474142,13.45
8.045607,14.05
-7.3943787,2.1
40.021534,87.82
-8.813905,2.03
9.39729,9.53
2.8267503,8.88
65.77136,109.56
8.815388,15.11
61.173557,127.5
13.911601,14.45
48.178604,116.0
7.474142,12.57
19.185253,22.82
35.449814,104.45
68.717415,107.75
49.16758,129.16
50.13046,108.17
-6.2618876,3.34
17.64569,20.82
55.41194,140.24
6.172038,8.36
55.106636,124.27
35.859497,96.72
77.27112,139.75
49.188454,109.69
8.037778,11.22
32.63946,82.4
12.056297,17.67
71.49906,141.58
-6.3793097,3.27
5.916312,11.03
10.996869,16.31
8.178688,14.94
6.5869365,10.95
4.658569,9.66
-3.9969027,6.22
13.901163,14.56
77.94434,133.8
