LFW_predictions,LFW_actual
27.670948,15.15
29.342947,19.03
12.754105,3.7
12.413513,2.58
62.526093,120.41
45.886257,109.83
26.421503,18.46
62.369465,137.06
51.48326,123.48
21.150522,15.29
42.134277,92.52
22.858946,13.45
23.25782,14.05
12.480902,2.1
45.576626,87.82
11.490089,2.03
24.20128,9.53
19.615124,8.88
63.549698,109.56
23.795118,15.11
60.340477,127.5
27.352213,14.45
51.270164,116.0
22.858946,12.57
31.033157,22.82
42.385624,104.45
65.605995,107.75
51.960453,129.16
52.632534,108.17
13.271368,3.34
29.958563,20.82
56.31894,140.24
21.950092,8.36
56.105843,124.27
42.671577,96.72
71.57637,139.75
51.975025,109.69
23.252357,11.22
40.42403,82.4
26.057232,17.67
67.54755,141.58
13.189409,3.27
21.7716,11.03
25.317766,16.31
23.35071,14.94
22.239687,10.95
20.893711,9.66
14.852297,6.22
27.344927,14.56
72.04628,133.8
