LFW_predictions,LFW_actual
3.1033776,15.15
3.1033776,19.03
3.1033776,3.7
3.1033776,2.58
106.115654,120.41
45.884937,109.83
3.1033776,18.46
129.19524,137.06
69.1955,123.48
3.1033776,15.29
33.987408,92.52
3.1033776,13.45
3.1033776,14.05
3.1033776,2.1
73.359795,87.82
3.1033776,2.03
3.1033776,9.53
3.1033776,8.88
117.68467,109.56
3.1033776,15.11
117.78555,127.5
3.1033776,14.45
96.204094,116.0
3.1033776,12.57
3.1033776,22.82
36.736866,104.45
135.96706,107.75
98.05097,129.16
93.72059,108.17
3.1033776,3.34
3.1033776,20.82
77.86343,140.24
3.1033776,8.36
94.38041,124.27
42.324627,96.72
143.77676,139.75
68.74275,109.69
3.1033776,11.22
60.870956,82.4
3.1033776,17.67
138.57614,141.58
3.1033776,3.27
3.1033776,11.03
3.1033776,16.31
3.1033776,14.94
3.1033776,10.95
3.1033776,9.66
3.1033776,6.22
3.1033776,14.56
153.7456,133.8
