LFW_predictions,LFW_actual
13.85209,13.36
106.75942,95.19
118.13363,122.13
11.140723,8.09
8.924243,8.98
39.86118,57.92
15.403728,11.74
15.384889,14.45
111.73255,108.81
18.658323,18.3
15.906453,13.4
113.99326,124.27
15.445741,16.13
111.62136,137.81
15.793677,14.33
110.26148,115.08
111.78668,117.43
15.494106,15.35
114.89122,116.44
15.386535,15.02
138.05067,133.8
17.721823,16.61
12.711378,13.21
11.863019,11.26
114.22903,108.82
125.2707,127.5
18.514406,21.78
111.99188,114.09
10.330538,13.33
17.831106,18.07
71.07703,80.86
129.64803,143.88
17.02419,20.07
9.943792,9.89
18.294586,19.0
12.401127,16.44
112.77654,107.12
102.52317,111.97
19.027521,19.03
133.04124,121.19
121.031425,115.74
135.27225,130.46
17.358963,16.73
113.06188,117.52
135.2469,139.37
17.533825,17.36
