LFW_predictions,LFW_actual
3.773638,15.15
3.773638,19.03
3.6462092,3.7
3.6264024,2.58
3.773638,120.41
3.773638,109.83
3.773638,18.46
3.773638,137.06
3.773638,123.48
3.773638,15.29
3.773638,92.52
3.773638,13.45
3.773638,14.05
3.619809,2.1
3.773638,87.82
3.5898461,2.03
3.773638,9.53
3.773638,8.88
3.773638,109.56
3.773638,15.11
3.773638,127.5
3.773638,14.45
3.773638,116.0
3.773638,12.57
3.773638,22.82
3.773638,104.45
3.773638,107.75
3.773638,129.16
3.773638,108.17
3.709819,3.34
3.773638,20.82
3.773638,140.24
3.773638,8.36
3.773638,124.27
3.773638,96.72
3.773638,139.75
3.773638,109.69
3.773638,11.22
3.773638,82.4
3.773638,17.67
3.773638,141.58
3.6517606,3.27
3.773638,11.03
3.773638,16.31
3.773638,14.94
3.773638,10.95
3.773638,9.66
3.7440014,6.22
3.773638,14.56
3.773638,133.8
