LFW_predictions,LFW_actual
3.099229,15.15
3.099229,19.03
3.099229,3.7
3.099229,2.58
108.49492,120.41
48.662086,109.83
3.099229,18.46
128.0661,137.06
72.09271,123.48
3.099229,15.29
36.85173,92.52
3.099229,13.45
3.099229,14.05
3.099229,2.1
71.79338,87.82
3.099229,2.03
3.099229,9.53
3.099229,8.88
113.55,109.56
3.099229,15.11
114.75025,127.5
3.099229,14.45
93.45409,116.0
3.099229,12.57
3.099229,22.82
41.007732,104.45
132.22829,107.75
94.44873,129.16
89.94654,108.17
3.099229,3.34
3.099229,20.82
85.85674,140.24
3.099229,8.36
96.68648,124.27
45.538998,96.72
138.17499,139.75
70.90853,109.69
3.099229,11.22
54.034306,82.4
3.099229,17.67
133.2106,141.58
3.099229,3.27
3.099229,11.03
3.099229,16.31
3.099229,14.94
3.099229,10.95
3.099229,9.66
3.099229,6.22
3.099229,14.56
155.15482,133.8
