LFW_predictions,LFW_actual
3.07235,15.15
3.07235,19.03
3.07235,3.7
3.07235,2.58
106.677025,120.41
47.36741,109.83
3.07235,18.46
130.60767,137.06
70.43063,123.48
3.07235,15.29
35.909405,92.52
3.07235,13.45
3.07235,14.05
3.07235,2.1
76.18066,87.82
3.07235,2.03
3.07235,9.53
3.07235,8.88
117.984406,109.56
3.07235,15.11
118.89681,127.5
3.07235,14.45
98.5783,116.0
3.07235,12.57
3.07235,22.82
38.80242,104.45
136.82469,107.75
100.170425,129.16
95.499596,108.17
3.07235,3.34
3.07235,20.82
78.84225,140.24
3.07235,8.36
95.93189,124.27
44.586185,96.72
143.33377,139.75
69.757996,109.69
3.07235,11.22
63.91947,82.4
3.07235,17.67
138.85925,141.58
3.07235,3.27
3.07235,11.03
3.07235,16.31
3.07235,14.94
3.07235,10.95
3.07235,9.66
3.07235,6.22
3.07235,14.56
154.40785,133.8
