LFW_predictions,LFW_actual
32.11222,15.15
36.689484,19.03
-8.72414,3.7
-9.656542,2.58
127.531685,120.41
81.978455,109.83
28.691742,18.46
127.102875,137.06
97.30082,123.48
14.261898,15.29
71.70703,92.52
18.93888,13.45
20.030842,14.05
-9.472061,2.1
81.130806,87.82
-12.184502,2.03
22.613655,9.53
10.058592,8.88
130.3339,109.56
21.50175,15.11
121.54833,127.5
31.23965,14.45
96.71743,116.0
18.93888,12.57
41.316605,22.82
72.39512,104.45
135.96323,107.75
98.60718,129.16
100.44705,108.17
-7.308081,3.34
38.374794,20.82
110.53897,140.24
16.450802,8.36
109.95559,124.27
73.17794,96.72
152.30774,139.75
98.647064,109.69
20.015882,11.22
67.02506,82.4
27.694519,17.67
141.27844,141.58
-7.532454,3.27
15.962164,11.03
25.670149,16.31
20.285137,14.94
17.243597,10.95
13.558849,9.66
-2.980125,6.22
31.219706,14.56
153.59416,133.8
