LFW_predictions,LFW_actual
65.728096,286.395
81.14774,298.94
-71.8394,74.91
-74.980446,57.08
387.17242,1170.41
233.71498,1023.2
54.20535,212.21
385.72787,1569.26
285.33215,1036.3
5.5948133,243.64
199.11313,906.72
21.350397,209.836
25.028946,218.47
-74.35896,44.1
230.85947,1097.72
-83.49653,45.79
33.729797,142.409
-8.565078,148.97
396.61237,1144.855
29.984066,236.72
367.01602,1499.42
62.78862,209.3
283.3669,1365.43
21.350397,197.72
96.735374,349.0
201.43112,936.07
415.5762,1316.53
289.73297,1524.55
295.93106,1364.18
-67.06905,71.62
86.825134,287.15
329.92822,1461.96
12.968687,160.23
327.96298,1333.33
204.06825,1143.12
470.63675,1592.71
289.86737,968.16
24.97855,189.39
183.34074,1083.8
50.845955,271.755
433.48178,1492.44
-67.824905,66.98
11.322589,172.122
44.026356,245.971
25.885597,240.186
15.639412,186.02
3.2264304,145.75
-52.48925,107.41
62.721436,233.97
474.9704,1533.68
